time,x,y,z,phi,theta,psi,x_velocity,y_velocity,z_velocity,phi_velocity,theta_velocity,psi_velocity,rotor_speed1,rotor_speed2,rotor_speed3,rotor_speed4
0.06,-3.15656960722e-07,-9.58492853501e-09,10.0034998286,6.28317281196,0.000289337124264,0.0,-2.71188550476e-05,-9.68795401354e-07,0.116655402677,-0.000628086322376,0.0130484638363,0.0,441.2198993132927,442.2955922755439,442.5732377306459,442.5215533606077
0.12000000000000001,-1.27899366998e-05,-4.09688245862e-07,10.0162650128,6.28269144499,0.00156053491373,0.0,-0.000511640079631,-3.40663355515e-05,0.308817691487,-0.030002879319,0.0338544152015,0.0,464.0829206031736,465.71285471498885,466.75445844257194,464.45678343392905
0.18,-8.79831767704e-05,-2.14031692127e-05,10.0400504589,6.28089690149,0.00370954742849,0.0,-0.00223146368572,-0.000869019007024,0.483971333658,-0.0297221056383,0.0394774667003,0.0,459.9966165761566,460.4421323683214,460.27781558537623,460.2997834553447
0.23999999999999996,-0.000322412349211,-0.000135245862785,10.0753160752,6.27968693449,0.006954776048,0.0,-0.00592485581897,-0.00309633839691,0.691444310887,-0.00581758351592,0.0735971159205,0.0,468.9237379990977,471.56793127994524,468.9110073245467,470.76402671747087
0.3,-0.000844709347901,-0.000397596787082,10.1206178489,6.27924468383,0.0111471530236,0.0,-0.0119420743958,-0.00569011992588,0.81852792519,-0.0106739896659,0.0611347354091,0.0,446.6647363646269,445.6510381804688,445.8990918415981,445.50234846354084
0.36000000000000004,-0.00180821106429,-0.000823432716324,10.1729330605,6.27884864282,0.0150561828324,0.0,-0.0205649505594,-0.008556371169,0.925226574986,0.000504776390995,0.0721646227094,0.0,439.064132788516,439.9812999603639,439.48760705358194,440.4131571562999
0.4200000000000001,-0.0034052909877,-0.00143581331246,10.2336866746,6.27904571318,0.0194265175727,0.0,-0.0331603865594,-0.0118422044388,1.09973384255,0.00833356720038,0.0741537830218,0.0,459.4517126324664,459.613293968945,461.84604487053565,462.462970445667
0.48000000000000015,-0.00582512955162,-0.00223210007007,10.303190027,6.27947882964,0.0247547114963,0.0,-0.0480198171666,-0.0146512955033,1.21691567049,0.00488979452327,0.108344903135,0.0,443.2380756470499,446.0449441208239,442.677111126691,442.393563127865
0.5400000000000001,-0.0092294821623,-0.00318482081271,10.3786925479,6.27966740051,0.0308185341715,0.0,-0.0660879169907,-0.0170814603254,1.29972667099,-0.000602670279422,0.0796591836521,0.0,434.5463558352136,432.14403036135604,432.85495383400547,432.39247995970754
0.6000000000000002,-0.0138140027799,-0.00427844251834,10.4585414268,6.27919278526,0.0356567988254,0.0,-0.087190850822,-0.0193902146234,1.36181437461,-0.0294695185401,0.0825252123153,0.0,426.5197997792571,426.7700140351034,427.6283844874526,425.162592819052
0.6600000000000003,-0.0198226586977,-0.00553371714845,10.5438338213,6.27722233149,0.0404163542412,0.0,-0.113602562913,-0.0226464498939,1.48109678881,-0.0406178492265,0.0720102702035,0.0,446.07915314396075,445.22475224040016,444.75546322999054,443.84108812838736
0.7200000000000003,-0.0273806241212,-0.00700760388724,10.6330261407,6.27507304675,0.0447167116611,0.0,-0.138712193459,-0.0266852972411,1.49194715856,-0.0276351667764,0.0709890149287,0.0,410.15880534641497,410.07253118644934,409.4384256537055,410.59101416851814
0.7800000000000004,-0.0366868770987,-0.00879018301937,10.7264794122,6.27289457417,0.0488367417465,0.0,-0.171935741131,-0.0329238652294,1.62295978402,-0.0657573848254,0.0635669829385,0.0,448.94686710168776,448.34780810405266,451.0440795320413,447.9540428741495
0.8400000000000004,-0.0480179339042,-0.0109910315488,10.8266599297,6.26906575897,0.0525722356932,0.0,-0.206141572549,-0.0408283242553,1.71622802449,-0.060186398859,0.0595044525,0.0,436.84892127324366,436.5129274087466,438.4171793150237,438.87673314736395
0.9000000000000005,-0.0615814345108,-0.0137710322268,10.9343901941,6.26624425244,0.0560967006386,0.0,-0.246355447242,-0.052181092207,1.87450338313,-0.028878184078,0.0571695803734,0.0,458.24130821098646,458.0579754381873,457.07285208143884,459.5594833872031
0.9600000000000005,-0.0777578731899,-0.0173250362995,11.0537175405,6.26460188515,0.060520932264,0.0,-0.293327465695,-0.066482304133,2.10264492138,-0.0245206569538,0.0949589238456,0.0,478.6007023989222,481.47150583398707,478.9621324509995,479.29327517656117
1.0200000000000005,-0.0966185442848,-0.0216994034416,11.1826502461,6.26293886686,0.0660764907865,0.0,-0.335920065557,-0.0794830389425,2.1948927464,-0.0350286399202,0.0873858475168,0.0,440.0999677852552,439.48004488686206,439.1554582518974,438.28279561300144
1.0800000000000005,-0.118079113842,-0.0268689857823,11.3160930864,6.26082124905,0.0707864713487,0.0,-0.379915882783,-0.0930353631207,2.25304240762,-0.0358288271009,0.0474557400523,0.0,429.17627920517685,425.7784793035439,430.0948169609805,430.02645612074593
1.1400000000000006,-0.142365612777,-0.0329245698405,11.454460676,6.25946806003,0.0738080143323,0.0,-0.429923862294,-0.108983673717,2.35896155384,-0.00429245366601,0.0556096841569,0.0,444.2741904524785,444.94380900407197,442.8639110020772,445.45002647718525
1.2000000000000006,-0.169935750406,-0.0400284692327,11.6020992267,6.25918564931,0.0768915163731,0.0,-0.489429539412,-0.127833601441,2.5618473525,-0.00554882876058,0.0412379123256,0.0,475.1109451376928,474.00930211042606,474.2823288278267,474.1859151841568
1.2600000000000007,-0.200966535773,-0.0482144368553,11.7595815013,6.25879565321,0.0794197935006,0.0,-0.545175980564,-0.145062756974,2.68723913192,-0.0084734980552,0.0438793906395,0.0,451.47373746981566,451.6877383125988,452.5366577774264,452.3012866260292
1.3200000000000007,-0.235501596341,-0.0574749157668,11.9258786981,6.2582353326,0.0818356322151,0.0,-0.606248661596,-0.163669196751,2.85555302616,-0.0111277657809,0.0318241682432,0.0,467.0881128870261,466.14776733329154,465.00669794786694,464.79885599951564
1.3800000000000008,-0.27346799246,-0.0677776601635,12.0987919773,6.25781826135,0.0841352511059,0.0,-0.659494399335,-0.179802460539,2.90805670493,0.00031165922519,0.0488999754488,0.0,430.54952790745125,431.99256499718814,429.3491569461809,430.3187131051676
1.4400000000000008,-0.315219167222,-0.0792152166606,12.2812267853,6.25727344435,0.086874491955,0.0,-0.732516592331,-0.201442663905,3.17235022819,-0.0448892478581,0.0382123837146,0.0,495.64785971553334,494.86274841538597,496.3628766825075,493.0345515005522
1.5000000000000009,-0.36125374014,-0.0919280606611,12.4776038526,6.25476600594,0.0895053984275,0.0,-0.80221477655,-0.222605708911,3.3729194664,-0.0362211544161,0.0532366154367,0.0,477.46677898297884,478.61255514629994,477.91587273071764,478.57528784259677
1.560000000000001,-0.41090510779,-0.105766098425,12.6790082222,6.25268200952,0.0924687706554,0.0,-0.853101338418,-0.238839520316,3.34060569458,-0.0319128318508,0.040304788159,0.0,405.26882840035245,404.1064914195605,406.39226298500944,406.77763889027614
1.620000000000001,-0.463657115089,-0.120610958231,12.8784506638,6.25140772484,0.0944539374587,0.0,-0.905503401654,-0.256118187815,3.3075303053,-0.00564197299072,0.0119544768282,0.0,406.610098704089,404.06266251031633,404.00229864285905,406.3640704161974
1.680000000000001,-0.519779405892,-0.136575567805,13.0779717933,6.25093298161,0.0949915651418,0.0,-0.965299601019,-0.276069553909,3.34304134951,-0.0128912378299,0.00217542866585,0.0,429.4129879375164,428.58249079686743,427.71410496826377,427.09634969871746
1.740000000000001,-0.579594812096,-0.153779815418,13.2806093284,6.25008220316,0.0954440913362,0.0,-1.02857039808,-0.297477928378,3.41131077857,-0.0168895775162,0.0165530977809,0.0,438.85128992657104,440.04304406263003,438.8880812895029,438.5561951537658
1.8000000000000012,-0.643411639025,-0.172352016656,13.4893249264,6.24941475397,0.0960228643026,0.0,-1.09872095124,-0.321669629672,3.5454243605,-0.00155338982217,-0.0100782543161,0.0,460.93637491462385,458.8267911669358,459.7799155589088,460.99350194448846
1.8600000000000012,-0.711319571025,-0.192342460361,13.7047630812,6.24930651905,0.0950386985008,0.0,-1.16479037393,-0.344680019013,3.63554458319,-0.00230977348679,-0.0337010335689,0.0,448.41632636554453,446.49314850909303,447.4813175532361,447.41977613666603
1.9200000000000013,-0.783384648207,-0.213792180668,13.927864887,6.24961984748,0.0932384895384,0.0,-1.23713416858,-0.370280797034,3.80063747997,0.0171356587212,-0.0234801175613,0.0,471.0214547572522,471.8110235458299,469.79211351710063,471.2974795669366
1.9800000000000013,-0.859953254236,-0.236837113225,14.1629840851,6.25093849703,0.0920743722342,0.0,-1.31494064984,-0.39771374731,4.03584903818,0.030231244921,-0.0122897320841,0.0,492.3378788521026,493.1652375329469,491.7743135486965,492.7433906000893
2.0400000000000014,-0.940718698446,-0.261336702688,14.407342478,6.25311348039,0.0911033872392,0.0,-1.37715471782,-0.418735796611,4.10915874847,0.0461678450967,-0.0254020905274,0.0,446.8730598089366,445.80290939570676,444.4523763531126,445.75728913506885
2.1000000000000014,-1.02556815613,-0.287171030174,14.6601464303,6.2562858329,0.0896709316086,0.0,-1.45093893997,-0.442035912464,4.31687005576,0.0637125409472,-0.0209817618628,0.0,487.35938526609226,487.68967163237704,485.311072493301,486.6277791314398
2.1600000000000015,-1.11455290134,-0.314247106497,14.922471804,6.26004293614,0.0889191628372,0.0,-1.51510460716,-0.460100777935,4.4268831684,0.0603361188182,0.00052145863132,0.0,458.8080664271002,460.51238401884376,459.0617787929065,458.7964493909787
2.2200000000000015,-1.20691860042,-0.342213357564,15.186212786,6.26349204749,0.0890299994699,0.0,-1.56380259457,-0.471840658553,4.3647176486,0.0510705084637,0.00437532910259,0.0,402.737150711512,403.0855866587966,405.9542557299645,405.12448040132716
2.2800000000000016,-1.30243593093,-0.370878641017,15.4487147227,6.2673296525,0.0890097818002,0.0,-1.62013820756,-0.483352655671,4.38525333554,0.0818401440577,-0.0119956862336,0.0,432.16443479574946,430.7821809251309,430.2362255869515,432.8367379861551
2.3400000000000016,-1.40140930027,-0.400172655851,15.7132826883,6.27215162322,0.0880502240566,0.0,-1.67890746275,-0.492657654783,4.43349109369,0.0772441287233,-0.0255074205232,0.0,440.9274961120833,439.8097660680225,441.04179972437584,440.6672487494222
2.4000000000000017,-1.50407496893,-0.429955479131,15.9828068125,6.27628426438,0.0861476384446,0.0,-1.74309732279,-0.49963436829,4.55019072556,0.0415206598108,-0.048527363691,0.0,463.68362431504136,461.8710374216735,463.21053209887515,460.39546801334535
2.4600000000000017,-1.61068630849,-0.460088284741,16.2608885894,6.27925822396,0.0832073162023,0.0,-1.8102629419,-0.504481292687,4.71853361609,0.0621170119652,-0.0499786091668,0.0,479.48302223167184,479.37145172903126,477.01263693606757,478.58432378238604
2.520000000000002,-1.72091566545,-0.490426629951,16.5448258571,6.28309230142,0.0800254083263,0.0,-1.86379683989,-0.506455403972,4.74595634089,0.0672487619583,-0.0599670360029,0.0,437.8849920814845,437.05124483108284,435.81603654629686,436.24786961030685
2.580000000000002,-1.83486734614,-0.520807806635,16.8374915832,0.00355903404484,0.0759500468794,0.0,-1.93407230291,-0.505765056259,5.00847678501,0.0433527389535,-0.0928127764335,0.0,508.01687890345084,505.6527372573201,507.79637138242515,506.081153414113
2.640000000000002,-1.95261947252,-0.551077726997,17.1417677015,0.00665711463086,0.0698786724172,0.0,-1.9904033071,-0.50293195115,5.13356760323,0.0644755109222,-0.128589942312,0.0,470.19446020866496,467.4050741583153,469.295315035103,470.93371507343846
2.700000000000002,-2.07305734209,-0.581168257581,17.4453106779,0.010318660803,0.061843127232,0.0,-2.02378579645,-0.499836655832,4.98529527268,0.0530399988877,-0.147592288459,0.0,380.47873181743995,378.6344092828686,381.3175253687767,380.22661063200525
2.760000000000002,-2.19564959155,-0.610982032358,17.7440814948,0.0134742741365,0.053374475269,0.0,-2.06194873585,-0.493685190594,4.97388949413,0.0516857254388,-0.130652569821,0.0,425.138180861251,426.5676573772007,426.2845679283893,426.17073884642053
2.820000000000002,-2.32035326043,-0.64038506502,18.0412910528,0.0165503714123,0.0453137216771,0.0,-2.09426266792,-0.486162755651,4.93337006841,0.0504203795285,-0.142992302112,0.0,415.932743708209,414.83227485144835,416.68856538440195,416.5797893486387
2.880000000000002,-2.44703696938,-0.669222290504,18.3398373061,0.0192305307119,0.036813413663,0.0,-2.12771911363,-0.474795637578,5.01790599011,0.0295369450091,-0.139156401869,0.0,454.8384629927023,455.1274245357738,457.12152723649746,455.45515489758947
2.940000000000002,-2.57551079575,-0.697359786127,18.6418351245,0.020967029229,0.0280969774256,0.0,-2.15401490912,-0.462960006257,5.04865302822,0.0277238397582,-0.161741411252,0.0,440.6017632971705,438.7097956082974,439.12558148686816,438.97538244358793
3.000000000000002,-2.70535963134,-0.724793385668,18.9438665176,0.0229101835114,0.0188890447161,0.0,-2.17356063528,-0.451336891642,5.01929980435,0.040374698975,-0.140641871159,0.0,418.82551674831655,420.63277363147614,419.34812815782,420.446241300016
3.0600000000000023,-2.83627379346,-0.751450705207,19.2460264312,0.0252007117286,0.0105507543781,0.0,-2.18952000447,-0.437023718278,5.05264503521,0.0333691800657,-0.135827598425,0.0,438.53425232546016,438.9158195499306,441.059973729249,440.48164237232197
3.1200000000000023,-2.96805229914,-0.777061196085,19.5558670503,0.0266067274731,0.0026951362924,0.0,-2.20217588228,-0.416446571965,5.27446708335,-0.0217996778453,-0.122594450626,0.0,495.587834202995,496.54577207604115,498.51383745473646,494.4657993340412
3.1800000000000024,-3.10039946945,-0.801650166611,19.8702307351,0.0253767734353,6.27892992157,0.0,-2.20888794784,-0.403268125142,5.2047188908,-0.0180177722885,-0.104944422218,0.0,406.7305419393301,408.29495889826035,407.9342993689268,408.2719066503624
3.2400000000000024,-3.23300872832,-0.825268175584,20.1882692347,0.0241949479869,6.27237307223,0.0,-2.21071913197,-0.384145290928,5.39575361118,-0.0232868205893,-0.119778739776,0.0,489.67297485023323,488.5585821860734,488.15079888290995,487.7574748903823
3.3000000000000025,-3.36559844062,-0.847797498818,20.5164966359,0.0225756764247,6.26786215628,0.0,-2.20839205382,-0.367006561295,5.54450944431,-0.0356657179041,-0.0395996978474,0.0,474.5274754540024,480.6367267953988,478.60782411290796,477.66446957791885
3.3600000000000025,-3.49800704526,-0.869393054541,20.851076849,0.0208104192933,6.26560919893,0.0,-2.20501919866,-0.353033467926,5.6078803866,-0.0191942364925,-0.0337359396661,0.0,453.3528663696922,453.82320862640574,452.7763592026506,454.09951732417846
3.4200000000000026,-3.63019654828,-0.890208486017,21.1881101365,0.0197717639362,6.26379866117,0.0,-2.20113383359,-0.340910727712,5.62649023294,-0.0137880703177,-0.0238676950486,0.0,439.6696091993814,440.4862643893078,439.8253063881759,440.27297368982937
3.4800000000000026,-3.76215642462,-0.910347273433,21.5245585846,0.0188542002202,6.26256324377,0.0,-2.1974193628,-0.330446528976,5.58865452223,-0.0184858089943,-0.014731620426,0.0,421.13754156265065,421.92717142411135,422.3902672452928,421.9849479260698
3.5400000000000027,-3.89392786541,-0.929921112134,21.8561880032,0.0177967180707,6.26166463511,0.0,-2.19488787853,-0.322075667282,5.46625544844,-0.0159559431334,-0.0154717336822,0.0,393.2524820399388,393.1839776921645,391.2460256451641,391.48157415310027
3.6000000000000028,-4.02543470436,-0.948925132815,22.1850796991,0.0171035947275,6.26044320667,0.0,-2.18858020471,-0.311466242407,5.49666544605,-0.00394630932734,-0.0325604003364,0.0,443.8782080498097,442.47335001598765,440.94197716579674,441.93327313755276
3.660000000000003,-4.15656761365,-0.967324831175,22.5144872098,0.0171944825025,6.258611205,0.0,-2.18235732082,-0.301858753997,5.48366437401,0.0106598521486,-0.0267603224204,0.0,429.1733529482653,429.66510124108646,427.180639497108,428.4245452879866
3.720000000000003,-4.28719930606,-0.985075333126,22.8470410147,0.0181994963652,6.2568023725,0.0,-2.17187039323,-0.289745080964,5.60091602143,0.0267681864277,-0.037966094152,0.0,470.212934593487,469.3436440276029,467.8638271677692,469.1164093510284
3.780000000000003,-4.41719716897,-1.00209789093,23.1853090909,0.020423063853,6.25485794088,0.0,-2.16119834476,-0.277486798287,5.67434735456,0.0522340488263,-0.0231264702483,0.0,456.8657014000559,458.04715615759307,455.4609314393405,457.4939917773768
3.840000000000003,-4.54660567567,-1.01839945736,23.5249623014,0.0235128124029,6.25365719182,0.0,-2.15230484378,-0.265637404818,5.64756833595,0.0499774465212,-0.0144171305732,0.0,425.27524187971767,426.02072810798234,426.150687893905,425.95954114665375
3.900000000000003,-4.67526713862,-1.03378110379,23.8695374973,0.0260141760141,6.25275208884,0.0,-2.13633129797,-0.246778219272,5.83733643267,0.0148164116137,-0.0164554664588,0.0,491.3399598601189,491.1889243141031,493.6013367216597,490.99993229933705
3.960000000000003,-4.80329220942,-1.04827588804,24.2142488682,0.027728356636,6.25189661086,0.0,-2.13108231016,-0.236272224661,5.65396434327,0.0472869566247,-0.0101902538933,0.0,372.78204934976685,373.39397973237254,370.6588922336614,373.83751726941006
4.020000000000002,-4.93067505494,-1.06182998453,24.5580555622,0.0308780527832,6.25193104895,0.0,-2.11500137788,-0.215222470367,5.80550572061,0.0612765928433,0.0162692485717,0.0,478.372844606314,480.38376180892067,481.7070241545059,482.7654477395054
4.080000000000001,-5.0571035206,-1.07405479256,24.9107418736,0.0342473209884,6.25285965631,0.0,-2.09939190187,-0.191909651812,5.94995421666,0.0431884546303,0.0138428717627,0.0,480.5440304665979,480.35991896110636,480.6979703581602,479.32691852087754
4.14,-5.18275071873,-1.08496976587,25.2675086222,0.0373068520967,6.25333371804,0.0,-2.08889315384,-0.171675080338,5.94229456329,0.0632433102195,-0.00793570501495,0.0,434.2104325120771,432.37907801192057,436.07514377606867,437.7491611910581
4.199999999999998,-5.30779791513,-1.09464926358,25.6228761675,0.0414198872664,6.25250317066,0.0,-2.07928393313,-0.150643639799,5.90348487393,0.0774729131131,-0.0295476347533,0.0,425.3993460751507,423.544336562229,424.6591656718118,425.8819899137337
4.259999999999997,-5.43227522429,-1.1030298873,25.9751315579,0.0459228315588,6.25163413264,0.0,-2.06985040678,-0.128340615289,5.83868980808,0.0697010264144,0.0054404076644,0.0,414.4205160245137,417.4851772182064,415.88828800357237,415.21168684704884
4.319999999999996,-5.55599305751,-1.10972954139,26.3293410112,0.0503760433357,6.252665814,0.0,-2.05416319206,-0.0945520234768,5.96760768523,0.0819945359263,0.0339359688339,0.0,475.30152763034323,477.48071621593084,475.3562888647394,476.30142829982015
4.379999999999995,-5.67888002112,-1.11444876887,26.6884466338,0.0552203911659,6.25491502773,0.0,-2.04225272388,-0.0623149565519,6.00235519507,0.0781037896884,0.0437797036406,0.0,448.16319849998894,448.96338198707343,449.4167130082704,449.1063575199511
4.439999999999993,-5.80112410127,-1.11720851158,27.0484809487,0.0598696440706,6.25767735976,0.0,-2.03276176748,-0.0292717588795,5.99875512626,0.0762264431494,0.05021114498,0.0,436.9501304705416,437.4873533275047,437.3173955139859,437.16583497713566
4.499999999999992,-5.92280894046,-1.11781914879,27.4096858147,0.0649125407596,6.26045271253,0.0,-2.02365594402,0.00935519236688,6.04112602613,0.0963190499138,0.0368634531868,0.0,452.43191398466575,451.35695882519013,450.98467414381395,452.6104902685916
4.559999999999991,-6.04405447822,-1.11619157545,27.7707218118,0.0705923777779,6.26336815754,0.0,-2.01804918027,0.0453718915801,5.99359428083,0.0911321511774,0.0653004096319,0.0,421.93836643882213,424.3882807169523,424.1812237672327,423.74353596421423
4.6199999999999894,-6.16502743721,-1.11237208445,28.1280540543,0.0762244254058,6.26677479339,0.0,-2.01464060111,0.0823930181876,5.91779722156,0.0988392529108,0.0283827880004,0.0,415.78539419687854,412.53982318542404,412.8350035795094,413.52279866386897
4.679999999999988,-6.28581480544,-1.10613000979,28.4822890633,0.0825644444556,6.2688141451,0.0,-2.01174843088,0.126198514058,5.89011164654,0.116664583724,0.0433365162007,0.0,428.7221329660196,429.9915793150122,427.9300271279973,429.45504826244127
4.739999999999987,-6.40647076274,-1.09719753524,28.8342822975,0.0899066888954,6.2712440316,0.0,-2.01030292346,0.172146062013,5.84315211643,0.131851073876,0.0341141733407,0.0,422.9853813482674,422.1911849222587,421.7699599284088,423.09404873367504
4.799999999999986,-6.52707222,-1.08535856525,29.1837511515,0.0976660643493,6.27369225859,0.0,-2.00991862338,0.223142078375,5.80590415329,0.123721637674,0.051624746796,0.0,423.9353299310796,425.43850548467987,426.45939818463876,425.78035948402635
4.859999999999984,-6.64766439813,-1.07002809712,29.5340364265,0.105336797718,6.27715467708,0.0,-2.01012913943,0.288568135049,5.8698215537,0.135021495251,0.0677107005504,0.0,457.13558929713105,458.4179752294532,456.8148366827437,457.72950213967954
4.919999999999983,-6.76833850499,-1.05064607034,29.8878918982,0.113227295462,6.28124985388,0.0,-2.01271642853,0.35822707391,5.92492815453,0.123356262779,0.0693154307606,0.0,454.9640795207762,455.09595683513805,456.93990248746974,456.02414828381717
4.979999999999982,-6.88924160805,-1.0266756046,30.2472771811,0.121121678388,0.00187695308087,0.0,-2.01780223841,0.441520746529,6.05373797028,0.14432699446,0.0483237521054,0.0,479.2822987267848,477.68645985766835,478.53164139700783,480.1398280965035
5.0399999999999805,-7.01050776449,-0.998402834303,30.6073141544,0.129808473575,0.00468048722857,0.0,-2.02460174438,0.501588842503,5.94790909985,0.145669670834,0.0433217960235,0.0,406.23412529898144,405.7867666858936,405.35205029662166,405.4945161341725
5.099999999999979,-7.13224061748,-0.965893564333,30.9648145174,0.138511640635,0.00748979021344,0.0,-2.03339967402,0.582818970752,5.96848264032,0.143791104597,0.0530335074617,0.0,447.01036574159406,447.8025075407556,446.2525635233194,446.11874166014894
5.159999999999978,-7.25457983923,-0.927896863822,31.3267423847,0.147873894879,0.0107206232296,0.0,-2.0449034466,0.68459233773,6.09488162619,0.173265855399,0.0554263168346,0.0,479.3371444095414,479.5206661494606,478.99946459565865,481.2565001723735
5.219999999999977,-7.37762539248,-0.884286445496,31.6915850495,0.157881584629,0.0142195571747,0.0,-2.05689535699,0.769948737174,6.06646064944,0.148946589858,0.0635427862588,0.0,432.44640531432617,433.13215026306165,435.3319635593844,433.31863266461403
5.279999999999975,-7.50152670659,-0.834582986,32.0597171686,0.166739954125,0.0187593315488,0.0,-2.07358753702,0.887650912654,6.20358025364,0.144891555473,0.0927725485956,0.0,484.4885180405995,486.68535659049155,484.53292251275735,484.24637844587386
5.339999999999974,-7.62648171223,-0.778064586088,32.4334541964,0.175826550306,0.0245480230374,0.0,-2.09210112205,0.997065934326,6.25373362559,0.162072534959,0.103010773665,0.0,460.05076781988015,460.8684268179512,460.6681955351181,462.04547529747595
5.399999999999973,-7.75265089623,-0.714860147513,32.8098540324,0.185456516439,0.0307418568364,0.0,-2.11409690789,1.1105764667,6.29235970869,0.157156189754,0.103666202873,0.0,458.2127387654434,458.27376392989964,459.1177684288304,458.751030433178
5.4599999999999715,-7.88017219613,-0.64515131245,33.1859685027,0.194635652146,0.0366969457053,0.0,-2.13710194886,1.21381196055,6.244712435,0.142982189635,0.0885176595617,0.0,433.0960245569857,431.82839624480454,432.3489669296532,431.1755095470123
5.51999999999997,-8.00929759714,-0.568429369599,33.5625782217,0.203370049621,0.0420058654661,0.0,-2.16757365011,1.34430794133,6.30820355958,0.150303020153,0.0884106229918,0.0,468.13036658185376,468.12811157923403,466.9338828226459,467.523415080834
5.579999999999969,-8.14030896375,-0.483929936296,33.9418827008,0.212385426803,0.0472624774701,0.0,-2.19994353459,1.47307922115,6.3347214914,0.150162771313,0.0859604442937,0.0,457.6295664181871,457.4405688322966,457.9946093175276,458.0039507264497
5.639999999999968,-8.27322696052,-0.392127738173,34.3200285365,0.22081626197,0.052585710976,0.0,-2.2310789511,1.58770984274,6.27011202647,0.101594916311,0.0937336507311,0.0,428.5376288416322,429.20486730987807,432.01436403120675,427.9160119404056
5.699999999999966,-8.40811412315,-0.293267540583,34.6945268759,0.226724906398,0.058342298148,0.0,-2.265622846,1.70810889321,6.21311653704,0.0913778107199,0.100028637178,0.0,432.54261091607816,433.08064796522353,431.62444571842434,430.7697031374867
5.759999999999965,-8.54518691676,-0.187026394975,35.065871317,0.231982311253,0.0646144237177,0.0,-2.30397552581,1.83367802112,6.16491647025,0.0788025459749,0.112289447073,0.0,434.44803281174313,435.4848032435141,435.6747301610489,434.62826411559905
5.819999999999964,-8.68464466647,-0.0732505749932,35.4339682294,0.236286561863,0.0713596199475,0.0,-2.34516193028,1.95919761328,6.10492615754,0.0513255784871,0.112679413406,0.0,430.27458527133,430.3192828217105,433.6324878463551,431.32145880060006
5.879999999999963,-8.82666851092,0.0480648768003,35.7982397889,0.239484597772,0.0784168387709,0.0,-2.38952435222,2.0848832053,6.03746207219,0.0569825221342,0.126012273008,0.0,428.7264366411303,429.8708846232731,428.407345442723,428.89017261904934
5.939999999999961,-8.9719448313,0.178374496708,36.1642008273,0.242700746819,0.0867004382359,0.0,-2.45379924765,2.25882412385,6.16006706577,0.0458038347898,0.155088630018,0.0,488.1846363628629,490.36505406334135,489.3145020860645,488.4830199968877
5.99999999999996,-9.12095297466,0.318324377949,36.5340534647,0.24548641006,0.0971418296531,0.0,-2.5140047063,2.40626091545,6.16782180734,0.0476467980029,0.19712631777,0.0,455.12022805269163,458.4998751134928,455.5381926228843,455.68679215484696
6.059999999999959,-9.27406505258,0.467877504385,36.9072061971,0.248437156737,0.10846345675,0.0,-2.59084444138,2.57881632629,6.26941664118,0.0520790353245,0.160975212391,0.0,488.13505769674066,485.45933257142116,485.7829401678307,486.11652431267026
6.1199999999999575,-9.43162281983,0.626949322533,37.2829496242,0.251558525398,0.117743220364,0.0,-2.66188205603,2.72369567115,6.2549168703,0.0519101662787,0.137442943914,0.0,454.0609816296922,452.19039916385105,452.3326701721968,452.3207631035887
6.179999999999956,-9.59287548333,0.793235841026,37.6519051228,0.254571902743,0.12610047766,0.0,-2.71380967592,2.81952142735,6.04440598185,0.0466162623746,0.142739149881,0.0,386.01914382692416,386.53993775624394,384.6528569785372,384.15303987340195
6.239999999999955,-9.75765836795,0.965908028844,38.010578928,0.257683412719,0.134410430789,0.0,-2.77961069629,2.93644108868,5.91167278797,0.0606891439849,0.128290689399,0.0,412.13865091335094,410.8786032062078,411.8735630194027,413.11860331957104
6.299999999999954,-9.926921032,1.14639532374,38.3641871721,0.261543630112,0.142287526654,0.0,-2.86313118275,3.07996914521,5.87492464446,0.0707807094224,0.13668078879,0.0,444.8896838850677,445.59202438921693,442.9138470276941,443.7462639378635
6.359999999999952,-10.1013174461,1.33550843599,38.7154363405,0.265695224496,0.150549068346,0.0,-2.95076696289,3.22399318412,5.83302255156,0.0658145020263,0.139640281993,0.0,443.3528573558806,443.61360496603913,443.49324693256256,443.0886836780762
6.419999999999951,-10.2814654114,1.53390627805,39.0663233998,0.26942754809,0.159382115016,0.0,-3.05490593415,3.3893325004,5.86237480495,0.0537848792086,0.159175768058,0.0,466.74253612865664,468.2838995163508,467.45620647481,466.52017362603436
6.47999999999995,-10.468025573,1.74224359766,39.4188463308,0.272605347367,0.168498397517,0.0,-3.16456594144,3.55522797934,5.88754554556,0.0512680455902,0.130754750371,0.0,467.01259196377447,464.80996061346735,469.61478787226577,469.42114408254827
6.5399999999999485,-10.6614456255,1.96073394051,39.7734389538,0.275786025594,0.176329733806,0.0,-3.28342839326,3.72772640695,5.93125215366,0.0562866832047,0.130053716348,0.0,475.9202876778301,475.88099891991646,474.47078049368054,474.85765563129377
6.599999999999947,-10.8614324626,2.1885035041,40.1267226258,0.278828489275,0.18457875508,0.0,-3.38346338008,3.86470246219,5.84473701365,0.0361882731912,0.149256386328,0.0,434.1236014745381,435.7500278161219,435.66107730640874,433.9784752089717
6.659999999999946,-11.0675493111,2.42448875244,40.4747228074,0.282223917583,0.194159528287,0.0,-3.48785058829,4.0015393522,5.75510899728,0.0807994528548,0.174986385139,0.0,433.0614187556219,435.24519706093514,432.2648207872674,436.0109647328352
6.719999999999945,-11.2812054634,2.67027937694,40.8227011519,0.287046799312,0.205107178083,0.0,-3.63492337701,4.19144384813,5.8426515142,0.0795323207952,0.194286177919,0.0,491.19671760407067,492.65458016519466,491.77301307809404,491.6836404254507
6.779999999999943,-11.5027187068,2.92589213159,41.1703495604,0.291652973454,0.217545485838,0.0,-3.74978268567,4.32912945845,5.74531323837,0.0705796658284,0.225294539461,0.0,433.52583740613795,436.1663944715515,436.21863864724213,435.4749355538786
6.839999999999942,-11.7309735906,3.18934441727,41.5106057581,0.296336394484,0.231125267262,0.0,-3.85970901862,4.45278395204,5.59653420042,0.0898950186487,0.228319831553,0.0,417.3257559838467,417.644280466193,417.68385297913056,419.3706578016412
6.899999999999941,-11.9664834194,3.46081711022,41.8437606725,0.301211926493,0.244774740064,0.0,-3.99165012753,4.5964211859,5.50809193767,0.0520938111827,0.225783649291,0.0,439.2064958670725,439.04813659592804,441.3763303291165,438.24948984137245
6.95999999999994,-12.2101067835,3.74090412421,42.1714622298,0.304441240578,0.258012896551,0.0,-4.13014597918,4.73975399317,5.4148304371,0.0570704140744,0.20761114026,0.0,439.4762634224332,438.0155304127881,439.00551536824855,439.4203295566995
7.019999999999938,-12.4626364706,4.03002719437,42.4948924342,0.308337379389,0.27064635848,0.0,-4.2884669215,4.89757163106,5.36535828755,0.0772621829687,0.215872282811,0.0,453.9684102044415,454.67350814543266,454.91383534239907,456.5311569635158
