episode,total_reward
1,2734.69912009
2,2734.71488186
3,2734.70717707
4,2734.70680075
5,2734.70208543
6,2734.69334194
7,2734.7498415
8,5744.52172952
9,2187.65364627
10,3007.54871357
11,2461.00448556
12,2734.18626352
13,3007.66139741
14,2734.76844395
15,3554.47334822
16,2733.73198032
17,2187.2075546
18,2187.12378034
19,2733.40980958
20,2460.05062527
21,1913.65144573
22,1913.59790737
23,2186.67651117
24,1913.52922987
25,2186.62865956
26,1913.26854915
27,1913.19844735
28,1640.14201082
29,1640.08139852
30,1913.34187119
31,1913.41840702
32,2186.67611316
33,1913.41393711
34,1640.34468548
35,1913.39726323
36,1913.49528458
37,1913.53195739
38,2733.30082684
39,4375.01985497
40,2460.31462565
41,1913.53596325
42,2186.81851442
43,2186.90456638
44,2186.92683264
45,2187.276438
46,1640.04621065
47,1640.19878064
48,2735.02193378
49,2187.33845931
50,1913.74197493
51,1640.32521391
52,1640.19565565
53,1640.1476488
54,1640.13105407
55,1640.14372085
56,1640.36732043
57,1913.71053825
58,2460.916459
59,1913.53523555
60,1640.36836541
61,1913.48875667
62,1640.30751361
63,1640.35544281
64,3006.64130373
65,1913.62158485
66,1913.52701731
67,1640.29348502
68,1640.29621245
69,1640.27815498
70,1640.31665016
71,1640.14356335
72,1640.12269606
73,1640.16887597
74,1913.50244728
75,1913.59463542
76,7664.04356521
77,1913.48448801
78,1640.13517473
79,1913.39262318
80,2186.87201514
81,1366.98689645
82,1913.63386271
83,2460.12964271
84,2460.90191915
85,4100.77816863
86,5733.57148103
87,3827.75724254
88,2461.98961517
89,5202.71905627
90,3552.31095155
91,1640.23177452
92,1640.28384721
93,3281.12547342
94,1640.29849705
95,1640.50466042
96,2186.993924
97,1913.4000312
98,1914.04946583
99,2187.24440387
100,1913.65099017
101,1640.46212475
102,1914.38398036
103,4649.96146218
104,3558.04497386
105,3555.0593021
106,1914.64331526
107,3281.54109963
108,2461.43270539
109,1914.69782221
110,9032.23995471
111,7415.14328847
112,1914.32259262
113,3554.18103687
114,1914.07048745
115,1640.41567128
116,1367.14507348
117,1367.12248044
118,1640.15651747
119,1640.30093894
120,1640.37820394
121,1640.32607096
122,1640.43430787
123,1640.38045495
124,1640.27627719
125,2460.56965818
126,4377.9919241
127,3555.51640478
128,3010.19953162
129,4650.95367467
130,3283.53913389
131,4104.29376456
132,22985.6795108
133,1913.40052353
134,10454.1653432
135,23686.8640654
136,23670.5616113
137,23608.8256499
138,2187.16686992
139,2187.16951868
140,2187.15796758
141,2187.18535398
142,2187.165244
143,2187.17890086
144,2187.15900874
145,2187.16199163
146,2187.16515107
147,2187.16860159
148,2187.15272346
149,2187.17911144
150,2187.19688608
151,2187.1897207
152,2187.17399715
153,2187.16432927
154,2187.16327287
155,2187.18488242
156,2187.15974874
157,2187.14498747
158,2187.19789206
159,2187.16831007
160,2187.14879982
161,2187.16495855
162,2187.1333355
163,2187.18825226
164,2187.16007985
165,2187.17851842
166,2187.1566661
167,2187.15287151
168,2187.16578408
169,2187.16760849
170,2187.17064314
171,2187.17882264
172,2187.16232603
173,2187.15887784
174,2460.8833734
175,7139.12531683
176,6598.34437197
177,24216.9604804
178,7143.03643208
179,23882.3786925
180,20587.1929011
181,3834.48191415
182,23666.8876451
183,4110.58734886
184,16998.4010153
185,4931.41311324
186,4658.15667005
187,5210.58647733
188,15463.7882415
189,21824.8590276
190,24375.6073472
191,21504.9430417
192,19114.4587665
193,24057.1386005
194,23710.0784565
195,23681.1000836
196,23645.6980692
197,23631.1904354
198,23547.1388837
199,23787.7659985
200,24227.0903009
201,23970.6447934
202,23366.5353245
203,24098.9020385
204,24198.6205375
205,23841.0830782
206,23730.9426702
207,24206.4767035
208,24017.8293567
209,23845.8161471
210,24087.705196
211,24159.6333903
212,24152.5245919
213,23658.1575189
214,23738.3729369
215,23542.2220665
216,23688.3897805
217,23697.6891814
218,23684.3422143
219,23666.7461504
220,23674.7767552
221,23640.3507858
222,23667.6598548
223,23562.1027154
224,23665.4479927
225,23554.7828484
226,23670.5305001
227,23672.8498792
228,23693.1536508
229,23644.9751686
230,23676.8482839
231,23697.0609157
232,23688.6693109
233,23673.4618223
234,23695.8300381
235,23698.4324819
236,24112.5973515
237,23964.9509117
238,19661.8561048
239,2461.8317329
240,3282.67293842
241,3008.75876947
242,2187.76322544
243,2734.59642791
244,2734.60317236
245,3009.1744996
246,2735.24546219
247,2734.87226236
248,2735.97138857
249,3556.71529054
250,5480.67837503
251,4929.72193232
252,4105.00952282
253,3830.32556947
254,3555.76888072
255,3008.16969255
256,2735.12097723
257,3281.89335551
258,2461.55020336
259,2187.68594944
260,4105.54787169
261,2462.32938461
262,2735.08932996
263,2187.62529997
264,1640.30730024
265,2187.16561384
266,1640.24552853
267,2186.91833318
268,1640.31165328
269,1913.83581115
270,1640.34959648
271,1640.28798686
272,1913.51471827
273,1640.24597087
274,2186.80192884
275,2186.96431136
276,1913.63488769
277,2186.88889496
278,2186.87150368
279,2186.98750195
280,2460.39758536
281,2186.90229479
282,2186.97776833
283,1913.83817273
284,2460.17773632
285,2186.82606836
286,1913.58486229
287,1913.66893965
288,1913.74194833
289,1913.57564142
290,1913.56885401
291,2186.81699471
292,1913.61604634
293,1913.84060221
294,2187.27880245
295,3007.63634902
296,3282.58795217
297,3283.23687105
298,3556.33267393
299,3283.26729381
300,3556.19462674
301,3281.70732057
302,3282.32697037
303,3008.5751944
304,2734.7761614
305,2734.52661803
306,2461.1115912
307,2734.37613629
308,2733.88566464
309,2187.17705173
310,2187.23314036
311,2187.08090333
312,2186.98229116
313,2186.6870093
314,2186.88880136
315,1913.35197484
316,1913.50898711
317,1913.51411437
318,1640.37567154
319,1913.52376996
320,1913.3689484
321,1913.25346919
322,1640.24384647
323,1913.54824355
324,2186.66867875
325,1913.55926881
326,1913.53291108
327,1913.48228731
328,1913.49524738
329,1913.91229315
330,1914.03012684
331,1914.04374675
332,1914.09755561
333,2460.1751159
334,3555.47578167
335,2461.76789028
336,3008.50950567
337,3008.4145516
338,3008.46044652
339,2461.2915928
340,2461.2845388
341,2734.79298886
342,2734.81684885
343,2734.03008675
344,2187.37424784
345,2186.93344576
346,2186.84112428
347,2187.46557187
348,2187.81558877
349,2187.07512326
350,1640.32494806
351,1640.45772035
352,1640.31263789
353,2186.85626133
354,2186.69509587
355,1640.2749545
356,1640.36020302
357,2460.57878839
358,2734.55337621
359,2734.26509508
360,2186.69755838
361,2186.67462183
362,1640.28552398
363,1640.31801873
364,1640.39309794
365,2187.16576908
366,2187.48264496
367,2735.16913599
368,2735.3654379
369,2187.10924574
370,1913.56158301
371,2735.21075511
372,3282.96146477
373,3009.20102426
374,3009.05755681
375,3009.24695839
376,3009.25108195
377,3283.28540624
378,3283.24371044
379,3282.86670065
380,3283.39030163
381,3282.92454405
382,3282.79958188
383,3282.85164318
384,3282.75571208
385,3282.78386721
386,3282.84601474
387,3282.88492743
388,3283.2179451
389,3283.29872059
390,3282.93048053
391,3008.97572005
392,2734.78631254
393,2460.99124936
394,2461.15170701
395,2735.36435583
396,2735.34292315
397,3281.73150353
398,2735.36058615
399,3281.70558759
400,2461.14137536
401,2460.8753224
402,2734.27317343
403,2460.87900808
404,2460.7662331
405,2187.0248292
406,2187.24731423
407,1913.91775684
408,1913.58272518
409,2734.23930696
410,1640.07719523
411,1913.69473154
412,1913.70043995
413,3281.67077086
414,3281.05423126
415,1914.08095411
416,2734.86803023
417,2188.9394568
418,4381.44031642
419,23451.5856894
420,23689.9099154
421,23695.5567513
422,23691.3741166
423,14415.4177505
424,23614.1592768
425,23563.9364793
426,23661.0537559
427,23520.8695296
428,23683.6087325
429,23680.1191646
430,23678.1038996
431,23615.052355
432,23696.0415802
433,23664.2313011
434,23572.9634136
435,23467.7121821
436,23597.9416909
437,23625.4669067
438,23694.9026033
439,23672.1723846
440,23697.8361249
441,23667.5771785
442,23535.3688076
443,23678.4175598
444,23692.7850535
445,23660.3601157
446,23675.8802662
447,23651.1509341
448,23638.6827487
449,23654.6100698
450,23677.1913466
451,23665.6399905
452,23694.3453473
453,23540.3667806
454,23394.5696969
455,23638.2504166
456,23648.589948
457,23522.259261
458,23696.3572015
459,23680.8569277
460,23664.7264939
461,23691.5683353
462,23688.6614122
463,23655.8920706
464,23635.1145778
465,23678.4350213
466,23676.3682928
467,23676.378874
468,23667.1149476
469,23656.2272571
470,23613.1903866
471,23696.4712983
472,23533.5826208
473,23677.3786763
474,23694.3442569
475,23604.8855652
476,23631.3611277
477,23678.2433947
478,23686.6801681
479,23669.3743104
480,23590.6097389
481,23683.8514049
482,23684.7479579
483,23697.5112018
484,23667.185662
485,23456.4171364
486,23548.2119175
487,23668.5873629
488,23697.0621134
489,23665.3071292
490,23636.1316992
491,23675.732179
492,23695.0454486
493,23658.2644417
494,23693.9014044
495,23690.1904029
496,23670.0671149
497,23615.4050116
498,23672.730052
499,23317.6450896
500,23663.4180204
501,23636.195629
502,23692.7205524
503,23608.3307266
504,23629.5968598
505,23587.0061117
506,23663.1135708
507,23516.617191
508,23581.7579292
509,23519.1741776
510,23661.1351426
511,23629.0136802
512,23603.2950757
513,23685.0004745
514,23650.0435393
515,23696.029462
516,23697.8530884
517,23692.950493
518,23581.1692408
519,23683.2530786
520,23633.569125
521,23418.8587991
522,23618.4292468
523,23516.9855082
524,23704.1137501
525,23698.101382
526,23648.7167607
527,23694.3207062
528,23686.3826628
529,23694.7479759
530,23610.2579812
531,23650.9535232
532,23588.0506853
533,23679.9771353
534,23592.6754497
535,23636.4686924
536,23517.3766184
537,23649.4129089
538,23543.0993753
539,23633.3978776
540,23690.5581202
541,23587.2366029
542,23570.0526417
543,23696.4094507
544,23656.1822989
545,23656.8224013
546,23688.9941268
547,23693.5147391
548,23549.1930755
549,23561.2667378
550,23507.1137081
551,23659.5089246
552,23681.2863877
553,23691.61485
554,23695.4043771
555,23648.5835139
556,23647.4337022
557,23655.5369387
558,23664.5390474
559,23630.0615309
560,23626.6575705
561,23644.3841307
562,23678.8123525
563,23613.7543069
564,23506.9765108
565,23693.7657457
566,23619.7008418
567,23686.0340479
568,23668.2382029
569,23600.9497978
570,23683.0647004
571,23695.9939418
572,23691.7754504
573,23697.7805144
574,23623.7954195
575,23672.4565122
576,23662.4718012
577,23691.5141265
578,23524.6559078
579,23661.9739071
580,23681.4596884
581,23661.7773011
582,23658.5679294
583,23682.4825748
584,23665.2376068
585,23664.6927714
586,23621.3254331
587,23692.8293616
588,23698.0313625
589,23684.3591897
590,23530.8834298
591,23646.1030147
592,23600.0938654
593,23576.7138881
594,23692.9329406
595,23655.2181171
596,23697.5430206
597,23592.5098164
598,23697.7438795
599,23650.6178036
600,23634.1423686
601,23695.2811734
602,23678.9519097
603,23675.6945952
604,23522.0222098
605,23697.5539484
606,23657.8688369
607,23484.5562159
608,23601.8258885
609,23672.1185654
610,23643.1646498
611,23696.6257
612,23666.1476042
613,23636.7539358
614,23680.5370766
615,23695.9319282
616,23559.6919307
617,23694.3388815
618,23641.6121845
619,23559.4579194
620,23328.8398799
621,23449.9948468
622,23697.9495846
623,23697.8039263
624,23688.4955258
625,23591.4440098
626,23632.3431549
627,23625.8282538
628,23685.1512733
629,23681.7618791
630,23515.4174442
631,23672.421109
632,23649.3900648
633,23696.1195629
634,23673.3798075
635,23692.1716261
636,23637.7677657
637,23687.458917
638,23682.8041129
639,23697.6413902
640,23684.2450414
641,23692.5780393
642,23696.0829543
643,23615.3575826
644,23696.3477185
645,23642.0838864
646,23623.2220303
647,23632.8558946
648,23638.5057461
649,23543.0876916
650,23642.9606507
651,23680.8290597
652,23672.5240017
653,23585.2081651
654,23698.2287199
655,23663.148144
656,23680.3978491
657,23416.7742711
658,23635.5314231
659,23601.3100725
660,23596.2533734
661,23558.6162806
662,23692.6799951
663,23698.1465392
664,23657.2642312
665,23688.6792779
666,23591.4068534
667,23658.7996879
668,23676.7051606
669,23655.3631657
670,23619.5780776
671,23672.6138873
672,23694.2871832
673,23609.3912506
674,23693.1639452
675,23563.368826
676,23625.6346811
677,23671.82164
678,23681.3197916
679,23575.4123127
680,23687.669955
681,23660.9807299
682,23692.25573
683,23553.637709
684,23693.0886171
685,23690.4520147
686,23658.3207033
687,23697.1459418
688,23469.9559803
689,23657.9484753
690,23697.8959351
691,23643.3861589
692,23695.5367951
693,23664.910331
694,23592.5576644
695,23621.4452853
696,23647.6351121
697,23578.3804137
698,23676.2888609
699,23689.8249286
700,23696.6907696
701,23397.3956276
702,23486.8818239
703,23697.4208259
704,23696.0551506
705,23691.5399195
706,23692.68397
707,23692.1573271
708,23674.6873557
709,23689.1781958
710,23582.6229265
711,23661.5566907
712,23665.665988
713,23695.5722078
714,23679.205355
715,23652.9610677
716,23521.2966468
717,23655.7129952
718,23689.3728942
719,23665.258086
720,23577.955205
721,23678.3879471
722,23678.9978704
723,23696.5705287
724,23675.0991305
725,23686.6153337
726,23635.0372975
727,23615.8811981
728,23650.8575672
729,23624.9014572
730,23697.8561857
731,23594.3739833
732,23685.5734674
733,23614.5701929
734,23643.9940138
735,23695.440365
736,23695.7506049
737,23640.3085651
738,23655.9659474
739,23681.6136915
740,23607.9516469
741,23697.7624113
742,23670.5275006
743,23651.6037838
744,23689.8208462
745,23697.3279536
746,23552.2110153
747,23671.6293513
748,23686.2621593
749,23638.277095
750,23654.4820603
751,23663.8275811
752,23697.673476
753,23669.5523067
754,23659.5842695
755,23571.030767
756,23611.9628083
757,23690.7405318
758,23618.1947857
759,23661.6046317
760,23698.9705243
761,23640.3782014
762,23620.784787
763,23653.9572416
764,23688.8972836
765,23682.0099359
766,23660.0584843
767,23693.4403338
768,23610.7100245
769,23695.6583889
770,23525.4062927
771,23535.6843299
772,23581.4363484
773,23682.1973009
774,23494.7763853
775,23695.5151784
776,23623.8244144
777,23329.399734
778,23658.9822563
779,23683.5859488
780,23670.9682574
781,23684.6389919
782,23683.1712485
783,23696.6509232
784,23654.1836887
785,23680.5354702
786,23697.250126
787,23507.4624704
788,23507.3051837
789,23697.3813188
790,23564.5317084
791,23662.9117885
792,23673.5663916
793,23619.119079
794,23681.2647215
795,23656.562624
796,23690.4365686
797,23698.4769894
798,23682.8368021
799,23694.4792436
800,23639.8740305
801,23630.4579979
802,23566.8590766
803,23675.7658929
804,23598.300099
805,23689.0434022
806,23673.7974087
807,23675.2649098
808,23686.3534276
809,23568.6015278
810,23637.9744844
811,23634.6259568
812,23650.8693111
813,23695.1934001
814,23672.8559396
815,23691.7423509
816,23621.503268
817,23595.5576126
818,23666.545318
819,23689.5454645
820,23694.8589565
821,23679.9493931
822,23672.6786537
823,23696.8385113
824,23629.1393407
825,23664.9965178
826,23671.1340767
827,23646.7184577
828,23678.9432161
829,23690.0394116
830,23669.4426646
831,23659.7508249
832,23666.2013746
833,23620.9597088
834,23682.7937885
835,23685.1598558
836,23576.9252271
837,23638.1457521
838,23671.5728378
839,23593.7363637
840,23681.1329616
841,23653.1923204
842,23677.0983174
843,23681.4439567
844,23668.3140236
845,23679.6962147
846,23677.3840962
847,23664.933758
848,23664.5502288
849,23650.0288934
850,23637.6026123
851,23695.2072465
852,23655.8991006
853,23658.1421878
854,23664.729214
855,23697.4408506
856,23685.3171914
857,23586.0929876
858,23697.3445295
859,23688.6891654
860,23696.5105723
861,23695.1343382
862,23687.0073077
863,23696.7345699
864,23683.8179405
865,23683.8849343
866,23687.1221459
867,23674.4990556
868,23609.5644911
869,23686.1244263
870,23645.803972
871,23645.4794365
872,23403.041275
873,23692.9310181
874,23692.009429
875,23654.4971714
876,23442.3091114
877,23684.5307804
878,23691.5838912
879,23688.6406554
880,23684.4581335
881,23682.6239111
882,23644.6318366
883,23655.3114715
884,23494.8425781
885,23693.9246785
886,23641.8913417
887,23688.8945043
888,23598.591154
889,23690.4439298
890,23636.095445
891,23672.2226639
892,23696.5081627
893,23690.0462638
894,23685.8738223
895,23567.8893124
896,23568.0935797
897,23598.876959
898,23641.7440058
899,23685.7108856
900,23697.4503769
901,23510.0391415
902,23664.0438017
903,23651.116923
904,23578.5622874
905,23664.4376331
906,23651.8890991
907,23644.9011352
908,23695.1648579
909,23677.077566
910,23690.7587205
911,23682.3532332
912,23545.4097902
913,23666.8790137
914,23661.1313819
915,23543.126453
916,23670.2450753
917,23694.8404845
918,23685.8253183
919,23695.4252067
920,23650.1980812
921,23587.9991672
922,23609.5148051
923,23522.973103
924,23535.873183
925,23620.0865847
926,23538.7710506
927,23694.5890892
928,23689.9281597
929,23697.743995
930,23665.8799171
931,23696.258656
932,23654.4947575
933,23673.5431469
934,23606.5561346
935,23696.5350104
936,23538.0430623
937,23592.3700848
938,23668.4695932
939,23669.6574465
940,23685.146858
941,23467.2196852
942,23620.8320167
943,23620.8678623
944,23612.2901802
945,23632.876086
946,23463.0331547
947,23575.1071846
948,23674.5980023
949,23653.4279479
950,23568.0221035
951,23679.3812845
952,23659.6123839
953,23681.3099816
954,23663.7557886
955,23672.7725798
956,23522.1513084
957,23672.0856984
958,23696.2705177
959,23665.050403
960,23663.7314795
961,23688.9502662
962,23662.591692
963,23696.0579617
964,23673.0977513
965,23698.5947893
966,23635.1472394
967,23694.5409306
968,23687.3890567
969,23543.7543998
970,23593.4914842
971,23472.1811455
972,23695.8374062
973,23693.2704518
974,23664.3243945
975,23474.5561298
976,23687.7577188
977,23635.5075792
978,23691.2019758
979,23517.9098864
980,23515.2040791
981,23625.0439894
982,23547.0486775
983,23697.113969
984,23655.3198606
985,23597.0793111
986,23607.3481448
987,23618.1682363
988,23655.6628305
989,23419.1434304
990,23690.0441344
991,23653.5292046
992,23697.3789077
993,23590.2013225
994,23592.4321261
995,23697.9851938
996,23645.4142386
997,23681.0015741
998,23676.663695
999,23694.6744939
1000,23694.9960702
